1951002561981178
640576728197327
7411638948895616
1503150023879115
256259797572832
423428123679576
953040496401634
1591483384948386
972676204484906
1132345204870615
284994527953182
1082551546311235
915905173657696
1546234959286496
941969354307739
3773226916243037
940728030957626
1918561055264660
446258404738373
319209097832255
1329411104423359
1407667650118807
1114086036450202
1610145929732142
287931200991578
777992320506153
936919971318188
7473968229319870
949955076692566
1381927409193619
1460305331190413
1898517173913561
788822049815215
1074608227177950
1868864796876517
1125000715297540
380936598119937
314391414622390
1139811793857307
1857523918033925
3611823802410451
948762019938761
2755416361281301
936645654644975
1184903496252737
338858825832737
944817023926830
3490025241143892
1129206464768664
2331053873770992
796082945704877
375163345409151
905901831018691
754663969968131
749926083909344
421502467002574
1111478439892373
1086281689315626
319750711106107
432518786108219
391028226971740
1900430953712737
1144745403552789
913461010423400
